Loc1_a Loc1_b Loc2_a Loc2_b Loc3_a Loc3_b Loc4_a Loc4_b Loc5_a Loc5_b Loc6_a Loc6_b Loc7_a Loc7_b
223 239 123 143 155 161 113 123 184 184 85 87 275 278
223 239 127 135 165 181 0 0 182 186 85 87 275 275
239 239 123 127 155 161 113 128 182 184 85 85 278 278
223 239 135 135 155 161 113 123 184 186 85 87 278 278
223 239 115 135 165 181 113 128 184 186 85 87 275 278
217 227 123 135 155 161 123 128 184 184 85 87 278 278
217 227 123 143 155 161 113 123 184 184 85 87 275 278
223 227 123 135 155 165 113 128 184 184 85 87 278 278
223 239 135 135 157 165 123 123 184 186 0 0 275 278
223 227 135 135 155 165 123 128 184 184 85 87 278 278
223 239 123 127 161 181 123 128 182 186 85 87 275 275
0 0 127 135 165 181 113 123 184 184 85 87 275 275
223 239 135 143 157 161 113 128 184 186 85 87 275 278
239 239 115 123 165 181 113 123 184 184 85 85 275 275
223 227 135 135 155 161 123 123 184 186 85 87 278 278
239 239 0 0 155 161 113 128 182 184 0 0 278 278
223 227 123 143 155 161 113 123 184 184 85 87 278 278
227 239 115 123 155 165 123 128 184 186 85 85 275 278
239 239 127 135 165 181 123 128 184 186 85 85 275 278
0 0 115 123 161 181 113 123 184 184 85 87 278 278
223 239 135 135 157 165 113 123 184 186 85 87 275 278
223 227 123 127 155 161 123 123 182 184 85 87 278 278
0 0 115 135 165 181 123 123 182 186 85 87 278 278
239 239 127 135 155 165 113 128 182 186 85 87 275 278
0 0 115 123 155 165 123 128 184 184 85 87 275 275
0 0 123 127 165 181 113 128 182 184 85 85 275 275
227 239 127 135 161 181 113 123 182 186 85 87 275 275
223 227 123 143 157 161 113 123 184 184 85 87 275 278
217 227 123 143 155 161 123 123 184 184 85 87 278 278
217 239 123 143 0 0 113 123 0 0 0 0 275 278
223 227 135 143 157 161 113 128 184 186 85 87 275 278
223 227 123 135 155 161 113 128 184 184 85 87 0 0
217 239 135 135 155 165 123 128 184 186 85 87 275 278
217 239 123 135 157 165 113 128 184 184 85 87 275 278
223 239 127 135 165 181 113 128 182 186 85 87 278 278
217 227 135 135 155 165 123 128 184 186 85 87 275 278
223 227 123 143 155 165 123 128 184 184 85 87 275 278
217 239 123 143 155 165 123 128 184 186 85 87 275 278
217 239 135 143 157 165 123 123 184 186 85 87 278 278
223 239 123 143 0 0 113 123 184 184 85 87 0 0
217 239 123 143 157 165 113 123 184 184 85 87 278 278
217 239 123 143 155 165 123 128 184 184 85 87 278 278
223 239 115 123 161 181 123 128 184 184 85 85 275 278
217 239 135 135 155 161 113 123 184 184 85 87 275 278
227 239 127 135 155 165 123 123 182 186 85 85 278 278
217 227 123 135 155 165 123 128 184 186 85 87 278 278
217 227 135 135 155 165 123 128 184 186 85 87 275 278
223 239 123 143 155 161 113 123 184 184 85 87 275 278
223 227 135 135 157 161 123 128 184 186 85 87 278 278
0 0 127 135 165 181 123 123 182 184 85 87 275 275
223 239 135 135 157 161 113 128 184 186 85 87 275 278
223 239 0 0 155 165 113 128 184 186 85 87 278 278
239 239 115 135 155 161 113 123 184 186 85 87 275 278
223 227 115 135 161 181 113 128 184 186 85 85 275 275
223 239 115 123 165 181 123 128 184 184 85 85 278 278
227 239 123 127 155 161 123 123 182 184 85 87 275 278
0 0 127 135 155 161 113 128 184 186 85 87 275 275
223 227 115 123 155 161 123 123 184 184 85 87 275 275
217 239 135 135 157 161 113 123 184 184 85 87 278 278
217 239 123 143 157 161 123 123 184 184 85 87 278 278
0 0 115 123 161 181 113 128 184 184 0 0 275 275
223 239 135 135 155 165 113 123 184 186 0 0 278 278
227 239 123 127 165 181 123 128 182 184 85 87 275 275
217 227 135 135 157 161 113 123 184 186 85 87 275 278
217 227 123 143 155 165 123 123 184 184 85 87 278 278
217 239 123 135 157 161 123 123 184 184 85 87 278 278
239 239 115 123 155 165 113 123 184 184 85 85 275 275
223 227 115 123 165 181 113 128 182 184 85 87 275 278
223 239 115 123 165 181 123 123 184 184 85 85 275 278
223 239 135 143 157 165 123 128 184 184 0 0 275 278
223 227 127 135 155 161 123 123 182 184 85 85 278 278
217 227 123 143 157 161 123 123 184 184 85 87 275 278
223 227 115 135 165 181 113 123 184 186 85 87 275 278
217 239 135 143 155 165 123 123 184 184 85 87 278 278
227 239 123 127 155 161 123 123 182 184 85 85 275 278
223 227 123 143 157 165 113 123 184 186 85 87 278 278
223 227 115 135 155 165 113 128 184 186 85 87 275 278
223 239 135 143 157 165 123 123 184 186 85 87 278 278
239 239 127 135 161 181 113 128 182 186 85 87 278 278
227 239 115 123 165 181 113 128 184 184 85 87 275 275
0 0 115 123 165 181 113 123 184 184 85 87 275 278
223 227 135 135 155 165 123 128 184 186 85 87 275 278
227 239 123 127 155 165 113 123 182 184 85 85 278 278
223 239 115 135 161 181 113 123 184 186 85 85 275 278
217 227 135 143 157 165 113 128 0 0 85 87 278 278
223 239 123 127 161 181 123 128 182 184 0 0 275 278
0 0 0 0 155 161 113 123 182 186 0 0 278 278
223 227 123 135 157 161 123 123 184 186 85 87 278 278
0 0 135 135 157 161 113 128 0 0 85 87 275 278
223 239 135 135 155 165 113 128 184 186 85 87 275 278
223 227 127 135 165 181 113 128 182 184 85 87 275 278
239 239 123 127 161 181 113 128 182 184 85 87 275 278
223 239 123 127 155 161 123 128 184 184 85 85 275 278
217 239 123 143 155 161 113 128 184 184 85 87 275 278
0 0 123 127 165 181 113 128 182 184 85 87 275 278
217 239 135 135 0 0 123 123 184 186 85 87 0 0
