Loc1_a Loc1_b Loc2_a Loc2_b Loc3_a Loc3_b Loc4_a Loc4_b Loc5_a Loc5_b Loc6_a Loc6_b Loc7_a Loc7_b
221 233 119 131 159 159 123 123 182 182 85 87 275 278
221 233 123 151 155 163 113 128 184 186 85 87 275 278
221 233 123 151 155 159 123 128 184 186 85 87 275 278
221 233 119 131 155 163 123 128 182 182 85 87 275 278
221 233 131 151 155 163 123 128 182 184 85 87 275 275
221 233 131 151 155 163 113 128 182 184 85 87 275 278
221 233 119 123 155 159 113 123 182 186 85 87 275 278
227 233 119 123 155 189 113 113 182 186 85 87 275 278
221 233 119 123 159 159 113 128 184 184 85 87 275 275
221 233 119 123 155 159 123 123 182 186 85 87 275 278
221 233 123 151 155 159 113 123 184 186 85 87 275 278
221 233 119 123 159 163 113 123 182 186 85 87 275 275
221 233 119 131 159 159 113 123 182 182 85 87 275 278
221 233 119 131 155 163 123 128 182 182 85 87 275 275
221 233 131 151 159 163 123 128 182 184 85 87 275 275
221 233 119 123 159 159 123 123 184 186 85 87 275 278
221 233 123 151 159 159 113 128 184 186 85 87 275 275
221 233 119 123 159 159 123 123 182 186 85 87 275 275
221 233 131 151 159 163 123 123 182 184 85 87 275 275
221 233 119 131 155 163 123 128 182 184 85 87 275 278
221 233 119 131 159 163 113 123 182 182 85 87 275 275
221 233 119 131 155 163 113 128 182 182 85 87 275 278
221 233 119 123 159 159 123 123 182 186 85 87 275 275
221 233 119 131 159 163 123 128 182 184 85 87 275 278
221 233 119 131 0 0 123 123 182 182 85 87 275 278
221 233 131 151 159 159 113 128 182 184 85 87 275 278
221 233 123 151 159 159 123 128 184 186 85 87 275 278
221 233 131 151 155 159 113 123 182 184 85 87 275 275
221 233 131 151 159 159 123 123 182 184 85 87 275 275
221 233 131 151 155 163 113 123 182 184 85 87 275 278
221 233 123 151 155 159 123 123 184 186 85 87 275 278
227 233 123 151 159 189 123 123 184 186 85 87 275 278
221 233 123 151 159 159 113 128 184 186 85 87 275 275
221 233 131 151 159 163 113 128 184 186 85 87 275 275
221 233 119 131 159 163 113 128 182 186 85 87 275 278
221 233 0 0 159 159 123 128 182 186 85 87 275 278
221 233 123 151 155 163 113 128 184 186 85 87 275 275
221 233 123 151 155 163 123 128 184 186 85 87 275 275
221 233 123 151 155 163 113 123 184 186 85 87 275 275
221 233 123 151 159 163 113 123 184 186 85 87 275 275
221 233 119 131 159 163 123 128 182 182 85 87 275 278
221 233 123 151 159 163 123 123 184 186 85 87 275 278
221 233 123 151 159 159 123 123 184 186 85 87 275 278
221 233 131 151 159 163 113 123 182 184 85 87 275 278
221 233 123 151 159 163 113 128 182 186 85 87 275 275
221 233 119 131 155 163 113 123 182 182 85 87 275 275
221 233 119 123 155 163 123 123 182 186 85 87 275 278
221 233 119 131 159 159 123 123 182 182 85 87 275 275
221 233 119 123 159 163 123 128 182 186 85 87 275 275
221 233 131 151 155 163 113 128 182 184 85 87 275 278
221 233 123 151 0 0 113 123 184 186 85 87 0 0
221 233 131 151 0 0 123 123 182 184 85 87 0 0
221 233 131 151 159 163 113 123 184 186 85 87 275 275
221 233 119 123 155 159 123 128 182 186 85 87 275 278
221 233 131 151 155 163 123 128 182 184 85 87 275 278
221 233 131 151 159 159 113 123 182 184 85 87 275 275
221 233 119 131 155 159 123 128 182 182 85 87 275 278
221 233 119 131 159 163 113 128 182 182 85 87 275 278
217 233 119 131 155 155 113 113 182 186 85 87 275 278
221 233 131 151 159 159 123 128 182 184 85 87 275 278
221 233 119 131 155 163 123 123 182 186 85 87 275 275
221 233 119 131 159 159 113 123 182 182 85 87 275 278
221 233 131 151 0 0 113 128 182 184 85 87 0 0
227 233 131 151 155 155 123 123 184 186 85 87 278 278
221 233 131 151 155 159 113 128 182 184 85 87 275 275
221 233 119 123 155 159 123 123 182 186 85 87 275 275
221 233 123 151 159 163 113 123 184 186 85 87 275 278
221 233 123 151 159 163 123 123 182 182 85 87 275 278
221 233 123 151 0 0 123 128 184 186 85 87 275 278
221 233 131 151 0 0 123 128 182 184 85 87 275 278
221 233 119 123 159 159 123 123 184 186 85 87 275 278
221 233 119 123 155 163 113 128 182 184 85 87 275 275
221 233 119 123 155 163 113 123 182 186 85 87 275 275
221 233 119 131 159 159 113 128 182 186 85 87 275 278
221 233 131 151 155 163 113 128 182 184 85 87 275 278
221 233 119 123 155 159 113 123 182 186 85 87 275 278
221 233 119 131 159 159 123 123 182 182 85 87 275 278
221 233 119 131 0 0 113 123 182 182 85 87 275 275
221 233 0 0 0 0 0 0 182 186 85 87 275 275
227 233 123 151 155 159 113 123 184 186 85 87 275 278
221 233 119 123 159 163 123 123 184 186 85 87 275 275
221 233 123 151 159 163 113 123 184 186 85 87 275 278
221 233 119 123 155 159 113 123 182 186 85 87 275 275
221 233 131 151 0 0 123 123 182 184 85 87 0 0
221 233 119 131 0 0 113 123 182 182 85 87 275 275
221 233 123 151 0 0 123 123 182 184 85 87 275 278
221 233 119 123 0 0 113 128 182 186 85 87 0 0
221 233 131 151 159 159 113 128 182 184 85 87 275 278
221 233 119 131 159 163 123 128 182 186 85 87 275 275
221 233 119 131 159 159 123 128 182 182 85 87 275 275
227 233 119 123 155 155 123 123 182 186 85 87 275 278
217 233 123 151 155 189 123 123 184 186 85 87 275 275
221 233 131 151 0 0 113 123 182 184 85 87 275 275
221 233 119 123 0 0 113 128 182 186 85 87 0 0
221 233 131 151 0 0 123 123 182 184 85 87 275 275
217 233 123 151 155 189 113 123 184 186 85 87 278 278
