Loc1_a Loc1_b Loc2_a Loc2_b Loc3_a Loc3_b Loc4_a Loc4_b Loc5_a Loc5_b Loc6_a Loc6_b Loc7_a Loc7_b
217 219 123 127 155 161 128 128 184 186 85 87 275 275
217 231 115 127 155 155 123 128 184 190 85 87 278 278
217 219 115 123 161 163 113 128 184 190 87 87 275 275
217 219 115 127 155 155 113 128 184 190 85 87 275 278
217 219 123 123 161 163 113 128 184 186 85 87 275 278
217 217 123 123 155 163 128 128 184 186 85 87 278 278
217 231 123 123 161 163 113 128 184 186 85 85 275 275
0 0 123 127 0 0 0 0 184 186 0 0 0 0
217 219 123 127 155 155 128 128 184 190 85 87 278 278
217 219 115 123 155 155 113 123 184 190 85 87 275 278
217 231 123 127 155 155 113 123 184 186 85 87 275 275
217 219 123 123 155 155 123 128 184 186 85 87 275 278
217 227 115 123 155 155 113 128 186 190 85 87 275 278
219 231 115 127 155 161 128 128 184 190 85 85 278 278
217 219 115 127 155 163 113 123 184 190 85 87 275 275
217 231 123 123 155 163 113 123 184 190 85 87 275 275
217 231 115 139 155 161 113 128 186 190 85 87 275 278
0 0 115 123 155 161 128 128 186 190 85 87 275 278
219 231 123 127 155 163 113 123 184 186 85 87 275 278
217 231 123 123 155 161 113 128 186 186 85 85 275 275
219 227 115 123 155 155 128 128 186 190 85 85 275 275
217 217 123 127 155 155 128 128 184 186 85 87 278 278
219 231 115 139 155 155 128 128 186 190 85 87 278 278
217 231 123 123 155 155 113 123 184 186 85 85 278 278
0 0 115 123 155 155 123 128 184 190 87 87 275 278
217 219 123 127 155 163 0 0 184 186 85 87 275 278
217 219 123 123 161 163 113 128 184 190 87 87 275 278
217 217 123 127 155 161 113 123 184 186 85 85 275 278
217 217 115 123 155 161 128 128 184 190 85 85 275 278
217 217 123 123 155 155 113 128 184 186 85 87 275 275
217 219 115 123 155 163 113 123 184 190 85 87 275 278
217 217 123 123 0 0 123 128 184 190 85 87 0 0
217 231 123 127 155 161 128 128 184 186 87 87 275 278
217 219 115 123 155 155 123 128 184 190 85 87 275 278
217 219 123 123 155 163 123 128 184 190 85 87 275 278
217 231 115 127 0 0 113 128 184 190 85 87 278 278
217 219 123 127 155 163 128 128 184 186 85 85 275 278
217 217 123 123 155 161 113 123 184 186 87 87 275 275
0 0 115 127 155 155 128 128 184 190 85 87 278 278
0 0 0 0 0 0 123 128 184 190 85 87 0 0
219 231 123 127 155 155 128 128 184 186 85 87 275 278
217 231 123 123 0 0 113 128 184 186 85 85 0 0
217 217 123 127 161 163 123 128 184 186 85 85 275 275
219 231 115 127 161 163 128 128 184 190 87 87 278 278
217 231 115 123 155 161 113 128 184 190 85 85 275 278
217 231 115 123 161 163 113 128 184 186 85 87 275 275
219 231 123 123 155 163 113 128 184 190 85 87 275 278
219 231 115 123 155 161 128 128 184 190 0 0 0 0
217 217 123 127 155 163 128 128 184 186 85 85 275 275
219 231 123 127 155 155 123 128 184 186 87 87 0 0
217 217 115 127 155 163 123 128 184 190 85 85 275 278
217 217 115 127 155 163 128 128 184 190 85 85 278 278
217 217 115 123 155 155 123 128 184 190 87 87 278 278
217 231 115 123 161 163 128 128 184 190 87 87 275 278
217 219 115 123 155 161 128 128 184 186 85 85 275 278
217 217 0 0 0 0 123 128 184 190 85 87 0 0
219 231 123 123 155 155 128 128 184 186 85 87 278 278
219 231 115 127 155 155 128 128 184 186 87 87 275 275
217 219 123 123 155 163 113 123 184 186 85 85 275 275
217 231 115 123 155 163 113 128 184 190 85 87 278 278
0 0 123 127 155 155 123 128 184 186 0 0 278 278
217 231 115 127 155 163 128 128 184 190 85 87 275 275
217 231 123 123 155 163 113 123 184 186 0 0 275 278
217 217 123 123 155 155 123 128 184 190 85 85 278 278
219 227 123 123 155 161 128 128 186 186 85 85 278 278
217 231 115 123 155 155 128 128 184 190 85 87 275 278
217 231 115 123 155 163 113 128 184 186 85 87 275 278
219 231 115 127 155 161 123 128 184 190 85 87 278 278
219 227 115 139 155 155 128 128 186 190 85 85 275 275
219 227 115 123 155 155 113 128 186 190 85 87 275 278
217 219 115 127 155 155 113 128 184 190 85 87 278 278
219 231 115 123 155 155 123 128 184 186 85 87 275 278
217 219 123 123 155 163 128 128 184 190 85 87 278 278
217 217 115 127 161 163 113 128 184 190 85 87 278 278
217 227 123 139 155 155 113 128 186 186 85 85 275 275
217 217 123 123 155 155 123 128 184 186 87 87 275 278
219 231 123 123 155 155 113 123 184 186 85 85 275 278
217 231 115 127 155 161 128 128 184 190 87 87 275 278
219 231 115 127 155 155 113 123 184 186 85 87 275 278
219 231 123 123 161 163 113 128 184 186 85 87 278 278
217 217 0 0 155 155 113 123 184 190 87 87 275 278
217 217 123 127 155 155 128 128 184 186 87 87 275 278
219 231 115 127 161 163 128 128 184 186 85 85 278 278
217 231 115 127 155 161 113 128 184 190 85 87 278 278
0 0 123 123 155 161 123 128 184 186 85 85 275 278
217 231 115 127 155 155 113 128 184 190 85 87 275 278
219 231 115 127 155 155 123 128 184 186 85 87 275 275
219 231 115 127 155 155 123 128 184 186 85 87 275 278
0 0 0 0 155 155 128 128 184 190 0 0 0 0
219 227 115 123 155 161 128 128 0 0 85 85 275 278
217 219 123 127 155 163 123 128 184 186 85 87 275 278
217 217 115 123 161 163 128 128 184 190 85 87 275 278
217 231 123 127 155 161 113 128 184 186 85 85 275 275
217 219 123 123 155 161 113 123 184 186 85 87 278 278
0 0 123 127 155 161 113 128 184 186 85 85 275 278
0 0 0 0 161 163 128 128 184 186 85 85 278 278
