Loc1_a Loc1_b Loc2_a Loc2_b Loc3_a Loc3_b Loc4_a Loc4_b Loc5_a Loc5_b Loc6_a Loc6_b Loc7_a Loc7_b
223 231 115 123 155 155 113 128 184 184 85 89 278 278
223 231 115 123 155 155 123 128 184 186 85 89 278 278
221 233 123 139 155 173 113 128 184 184 85 89 275 275
223 233 123 123 151 173 113 128 184 186 87 87 275 278
221 233 123 123 155 173 123 123 184 184 85 87 275 278
221 245 123 139 155 173 123 123 184 184 87 89 275 278
223 245 123 139 151 155 123 128 184 184 85 89 275 275
221 231 115 123 155 155 123 128 184 184 85 87 278 278
223 231 123 139 155 173 113 128 184 186 85 89 275 278
223 245 123 139 0 0 0 0 184 184 87 89 275 278
221 233 123 123 155 155 123 123 184 186 87 89 275 278
223 233 123 123 155 155 123 128 184 186 85 87 275 278
221 233 123 123 155 155 113 128 184 186 85 87 275 275
221 233 123 139 151 173 123 123 184 186 85 87 278 278
221 233 123 123 151 155 113 128 184 186 85 89 275 278
223 245 123 139 0 0 123 128 184 184 85 89 0 0
223 231 123 139 155 173 123 128 184 186 85 87 275 278
223 231 0 0 155 173 0 0 0 0 85 87 0 0
221 233 123 123 155 155 123 123 184 184 85 87 275 275
223 245 123 123 151 173 113 128 184 186 87 87 278 278
221 245 123 139 151 173 113 128 184 184 87 89 275 278
223 231 0 0 155 155 113 128 184 186 85 89 278 278
221 233 123 123 155 155 123 128 184 186 87 89 278 278
223 233 0 0 151 155 113 128 184 184 87 87 278 278
223 233 123 123 0 0 123 128 184 186 87 87 278 278
223 231 115 123 155 173 123 128 184 184 85 89 278 278
223 231 115 123 155 155 123 128 184 184 85 87 278 278
223 245 123 139 155 173 123 128 184 184 85 89 275 278
223 231 123 139 155 155 113 128 184 186 85 89 275 278
221 231 123 139 155 173 113 128 184 186 85 87 275 278
223 245 123 139 151 155 113 128 184 184 87 89 275 278
223 245 123 123 0 0 123 123 184 186 87 89 0 0
223 231 115 123 155 173 123 128 184 184 85 89 278 278
221 231 115 123 155 173 113 128 184 184 85 89 278 278
221 233 123 139 155 155 123 123 184 186 85 87 275 278
221 233 123 123 155 173 123 123 184 186 85 87 278 278
221 233 123 123 151 155 113 128 184 186 87 87 275 275
223 231 123 139 155 155 0 0 184 186 85 87 275 278
223 231 123 139 155 155 113 128 184 186 85 89 278 278
221 245 0 0 151 155 113 128 184 184 85 89 275 278
221 231 115 123 155 155 113 128 184 184 85 87 275 278
223 233 123 139 155 173 113 128 184 186 87 89 275 278
223 231 115 123 155 173 113 128 184 184 85 89 278 278
223 231 115 123 155 173 113 128 184 184 85 89 278 278
223 245 123 123 155 155 113 123 184 186 85 89 278 278
223 233 123 123 155 155 113 128 184 186 87 87 275 275
221 231 123 139 155 155 123 128 184 186 85 87 278 278
221 245 123 123 155 173 113 123 0 0 85 87 275 278
221 245 123 123 151 173 123 128 184 186 85 87 275 278
221 231 123 139 155 155 113 128 184 186 85 89 278 278
223 233 123 139 151 173 113 128 184 184 85 89 275 278
221 233 123 139 155 173 123 123 184 184 87 87 275 278
223 245 123 139 155 155 123 128 184 184 85 89 278 278
221 245 123 123 151 155 123 128 184 186 85 89 275 278
221 245 123 123 155 173 123 123 184 186 85 87 275 278
223 231 115 123 155 173 123 128 0 0 85 89 278 278
221 231 123 139 155 155 123 128 184 186 85 87 278 278
223 231 123 139 155 155 123 128 184 186 85 87 275 278
223 245 123 139 155 155 123 123 184 184 87 89 275 278
221 231 115 123 155 155 113 128 184 186 85 89 278 278
221 233 123 139 151 173 113 128 184 184 85 87 275 275
223 233 123 139 151 173 123 128 184 186 85 89 275 278
221 231 123 139 155 155 123 128 184 186 85 89 278 278
221 233 123 139 155 155 123 123 184 186 85 87 275 278
223 231 123 139 155 173 113 128 184 186 85 87 278 278
221 233 123 123 155 155 123 128 184 186 87 89 275 278
221 233 123 123 155 173 123 123 184 186 85 89 275 275
223 245 123 123 151 173 113 123 184 186 87 87 275 278
223 233 0 0 155 155 113 123 184 184 87 89 275 278
223 233 123 123 155 155 123 128 184 186 85 87 275 278
223 245 123 123 151 173 113 128 184 186 85 89 275 278
221 233 123 123 155 155 113 123 0 0 87 89 275 278
223 233 123 123 151 173 113 128 184 186 87 89 275 278
223 245 123 123 151 173 113 128 184 186 87 89 278 278
221 245 123 123 155 155 123 128 184 186 87 87 275 275
221 233 123 123 155 155 113 128 184 186 87 89 275 278
223 233 123 139 151 173 113 123 184 184 85 89 275 278
223 231 123 139 155 173 0 0 184 186 85 89 275 278
221 231 123 139 155 155 123 128 184 186 85 89 275 278
221 233 123 123 155 173 113 128 184 186 85 89 275 278
221 233 123 139 0 0 113 128 0 0 85 87 0 0
221 233 123 139 151 155 123 128 184 184 87 89 275 275
223 233 123 139 151 155 123 123 184 184 85 87 278 278
221 245 0 0 151 173 123 128 184 186 85 89 275 275
221 233 123 123 155 173 123 123 184 186 85 89 275 275
223 231 123 139 155 155 113 128 184 186 85 87 278 278
221 233 123 139 155 173 113 128 184 184 85 87 275 275
223 233 0 0 151 155 123 123 184 184 0 0 275 278
223 233 123 123 155 173 123 128 184 184 87 87 275 278
221 245 123 139 155 155 113 123 184 184 87 87 278 278
221 245 123 123 151 173 123 123 184 186 87 87 278 278
223 231 123 139 155 173 113 128 184 186 85 87 275 278
221 231 115 123 155 173 113 128 184 186 85 89 275 278
223 233 123 123 151 155 123 123 184 186 85 87 275 278
223 233 123 123 155 173 113 128 184 186 85 87 275 278
221 233 123 123 155 155 113 128 184 186 85 87 275 275
