Loc1_a Loc1_b Loc2_a Loc2_b Loc3_a Loc3_b Loc4_a Loc4_b Loc5_a Loc5_b Loc6_a Loc6_b Loc7_a Loc7_b
231 255 119 127 153 187 113 128 184 186 83 85 275 278
231 233 0 0 0 0 128 128 186 186 85 85 275 278
233 255 115 119 153 187 123 128 186 188 83 85 275 278
221 231 0 0 157 161 123 128 0 0 85 85 275 275
221 233 0 0 161 187 113 128 0 0 85 85 275 278
221 233 115 139 161 187 123 128 184 188 83 85 275 278
233 255 119 127 153 157 123 128 184 186 83 85 275 278
231 255 115 119 161 187 123 128 184 186 85 85 275 278
231 255 127 139 157 161 113 128 184 184 83 85 275 278
233 255 119 127 153 157 113 128 184 186 85 85 275 275
231 233 139 139 155 157 128 128 184 186 85 85 275 278
233 255 115 139 153 187 123 128 186 188 83 85 275 275
221 233 115 139 153 187 123 128 186 188 83 85 275 278
233 255 0 0 153 187 123 128 184 186 85 85 275 278
231 255 115 139 153 157 113 128 184 188 85 85 275 278
231 255 115 139 157 161 113 128 0 0 83 85 275 278
231 231 119 139 155 187 128 128 186 186 85 85 275 278
221 231 119 127 0 0 113 128 186 188 85 85 275 278
221 233 115 119 157 161 123 128 186 188 83 85 275 275
221 233 0 0 161 187 113 128 184 186 83 85 275 278
221 233 119 127 161 187 113 128 184 184 83 85 275 275
221 231 115 139 161 187 123 128 0 0 85 85 275 275
231 255 127 139 157 161 113 128 186 188 85 85 275 278
221 231 119 127 157 161 113 128 184 184 83 85 275 275
233 255 115 119 0 0 113 128 0 0 83 85 0 0
221 231 127 139 161 187 123 128 184 184 85 85 275 278
231 255 115 139 153 187 113 128 184 188 83 85 275 275
233 255 115 119 153 157 123 128 186 188 85 85 275 278
221 233 119 127 161 187 123 128 184 184 85 85 275 275
221 233 0 0 161 187 123 128 184 184 85 85 275 278
231 255 127 139 157 161 113 128 184 184 83 85 275 275
231 255 0 0 153 157 113 128 184 184 85 85 275 275
0 0 127 139 0 0 0 0 184 184 83 85 0 0
221 231 127 139 153 157 113 128 184 186 85 85 275 275
221 231 115 139 161 187 113 128 184 188 83 85 275 278
231 233 119 139 155 187 128 128 186 186 85 85 275 278
233 255 115 139 153 157 113 128 184 188 83 85 275 275
231 231 139 139 0 0 128 128 184 184 85 85 275 278
231 255 127 139 161 187 123 128 184 184 83 85 275 278
231 233 139 139 155 157 128 128 184 186 85 85 275 278
233 255 127 139 153 187 123 128 184 186 0 0 275 275
221 231 127 139 161 187 113 128 184 188 85 85 275 278
231 233 115 139 155 157 128 128 184 184 85 85 275 278
233 255 0 0 157 161 113 128 186 188 85 85 275 278
231 255 115 139 157 161 123 128 186 188 83 85 275 275
221 231 115 119 157 161 113 128 186 188 85 85 275 275
221 231 127 139 161 187 123 128 184 184 85 85 275 278
233 255 0 0 161 187 113 128 184 184 85 85 275 278
221 233 115 139 161 187 113 128 184 188 85 85 275 278
231 231 115 139 155 157 128 128 184 186 85 85 275 278
221 231 115 139 153 157 113 128 186 188 85 85 275 278
0 0 127 139 157 161 123 128 184 184 0 0 275 278
231 231 115 139 155 187 128 128 184 184 85 85 275 278
0 0 0 0 153 157 113 128 184 184 0 0 275 278
231 231 115 139 155 187 128 128 184 186 85 85 275 278
231 255 127 139 161 187 113 128 186 188 85 85 275 275
221 233 115 119 153 157 123 128 184 188 83 85 275 275
233 255 127 139 153 187 123 128 0 0 83 85 275 275
233 255 119 127 153 187 113 128 0 0 85 85 275 275
221 233 115 119 157 161 123 128 186 188 85 85 275 278
221 231 127 139 157 161 123 128 184 184 83 85 275 278
233 255 0 0 153 187 113 128 0 0 85 85 275 278
221 233 127 139 153 157 113 128 184 184 85 85 275 278
221 231 115 119 153 187 123 128 186 188 85 85 275 278
233 255 119 127 157 161 123 128 184 186 83 85 275 278
231 255 119 127 0 0 113 128 184 186 0 0 0 0
221 231 119 127 161 187 113 128 184 186 85 85 275 278
221 231 127 139 157 161 123 128 186 188 83 85 275 278
231 255 127 139 157 161 123 128 184 184 83 85 275 275
231 255 115 139 161 187 113 128 184 188 85 85 275 275
231 255 115 119 161 187 123 128 186 188 85 85 275 275
231 255 127 139 153 187 123 128 184 184 85 85 275 278
221 231 127 139 157 161 113 128 184 184 83 85 275 275
231 231 119 139 155 187 128 128 186 186 85 85 275 278
231 231 0 0 155 187 128 128 186 186 85 85 275 278
221 231 115 139 153 187 123 128 184 188 83 85 275 278
233 255 115 119 161 187 113 128 186 188 85 85 275 275
231 255 0 0 0 0 113 128 184 188 83 85 275 275
231 255 127 139 153 187 113 128 184 184 83 85 275 275
221 233 115 139 0 0 113 128 184 188 83 85 275 275
233 255 119 127 161 187 113 128 0 0 85 85 275 278
231 233 115 119 0 0 128 128 184 186 85 85 0 0
231 255 115 119 161 187 123 128 186 188 85 85 275 278
231 231 139 139 155 187 128 128 184 186 85 85 275 278
231 255 115 139 153 157 113 128 186 188 85 85 275 278
231 255 115 139 153 157 123 128 186 188 83 85 275 275
221 233 115 119 157 161 123 128 186 188 85 85 275 278
221 233 119 127 161 187 113 128 184 184 83 85 275 275
233 255 119 127 157 161 123 128 0 0 85 85 275 278
231 255 0 0 153 187 113 128 0 0 83 85 275 275
233 255 127 139 157 161 123 128 184 184 83 85 275 275
221 233 115 119 157 161 113 128 184 186 83 85 275 278
221 231 115 139 161 187 123 128 0 0 85 85 275 275
221 233 115 139 157 161 113 128 0 0 85 85 275 275
233 255 115 119 153 157 123 128 186 188 83 85 275 275
0 0 115 119 153 157 123 128 186 188 0 0 275 275
