Loc1_a Loc1_b Loc2_a Loc2_b Loc3_a Loc3_b Loc4_a Loc4_b Loc5_a Loc5_b Loc6_a Loc6_b Loc7_a Loc7_b
217 225 123 131 155 155 123 123 184 184 85 87 278 278
217 225 123 123 155 157 123 123 184 184 87 89 275 278
217 227 131 135 0 0 118 128 182 184 85 85 275 278
225 239 123 135 151 153 118 128 182 184 85 85 275 275
227 239 131 135 151 155 123 128 184 184 85 87 275 278
225 239 131 135 153 155 118 123 184 184 85 85 275 278
217 225 123 131 155 155 118 128 184 184 85 85 278 278
217 227 131 135 153 155 118 123 184 184 85 87 275 275
217 225 123 123 151 153 118 123 0 0 85 87 275 278
217 225 123 135 151 155 123 123 182 184 85 85 278 278
225 239 123 123 151 155 123 128 182 184 85 85 275 278
217 227 123 135 151 153 118 128 182 184 85 87 275 278
227 239 123 131 151 155 123 128 184 184 0 0 278 278
217 225 123 123 151 153 123 128 0 0 85 87 275 275
217 225 123 131 151 153 118 128 184 184 85 85 278 278
225 233 123 123 153 155 123 123 184 184 87 89 278 278
225 239 123 123 151 155 118 128 182 184 85 87 275 278
217 225 123 135 151 153 118 128 182 184 85 85 275 275
217 227 123 135 151 155 123 123 182 184 85 85 275 278
225 239 123 135 155 155 118 128 182 184 85 87 278 278
217 225 123 131 151 153 123 128 184 184 85 87 275 275
227 239 0 0 151 155 118 123 184 184 85 85 275 275
227 239 0 0 151 153 118 123 182 184 85 87 278 278
225 239 123 131 151 155 118 128 182 184 85 87 275 278
217 225 131 135 151 155 123 123 184 184 85 87 275 275
227 239 0 0 153 155 123 128 182 184 85 87 275 275
227 239 131 135 153 155 123 128 182 184 85 85 278 278
217 227 123 135 151 153 123 123 182 184 85 87 278 278
227 239 131 135 153 155 118 123 184 184 85 85 275 278
217 227 123 131 155 155 123 128 184 184 85 85 275 278
225 239 0 0 151 155 123 128 184 184 85 85 275 278
227 239 131 135 153 155 123 123 184 184 85 87 275 278
217 225 0 0 155 155 123 128 182 184 85 87 275 278
217 227 131 135 151 155 123 123 184 184 85 87 275 275
227 239 123 123 153 155 123 123 184 184 85 85 278 278
225 239 0 0 153 155 118 128 0 0 85 85 278 278
217 225 131 135 151 155 118 123 182 184 85 85 275 275
217 225 123 123 153 155 118 123 182 184 85 87 278 278
217 225 0 0 151 155 118 128 184 184 85 85 275 278
217 227 123 135 151 155 123 128 182 184 85 85 275 278
217 225 131 135 153 155 123 128 184 184 85 87 275 275
227 239 0 0 151 153 118 123 184 184 85 87 0 0
225 239 123 123 151 155 118 128 182 184 85 85 275 278
227 239 0 0 155 155 123 128 184 184 85 87 275 278
217 225 123 135 151 153 123 123 182 184 85 87 278 278
227 239 123 131 151 153 123 128 184 184 85 85 275 278
225 239 123 123 155 155 118 123 182 184 85 87 275 275
217 225 123 131 151 155 123 123 184 184 85 85 275 275
217 227 123 131 155 155 123 128 184 184 85 85 275 278
227 239 0 0 155 155 118 123 184 184 85 85 275 278
217 225 0 0 153 155 123 123 184 184 85 85 278 278
227 239 123 135 153 155 123 128 184 184 85 87 275 278
217 225 123 123 153 155 123 128 182 184 85 85 275 278
227 239 123 123 153 155 123 123 184 184 85 85 275 278
227 239 131 135 155 155 123 123 182 184 85 85 278 278
217 225 123 135 151 153 123 123 182 184 85 85 275 278
225 239 131 135 151 153 123 123 184 184 85 85 275 275
217 225 0 0 151 155 123 123 184 184 85 85 275 278
227 233 123 123 153 155 118 123 184 184 85 89 278 278
217 227 123 123 155 155 118 128 182 184 85 85 275 275
227 239 131 135 151 155 118 123 184 184 85 87 275 275
227 239 123 131 151 153 123 123 182 184 85 87 275 278
217 225 123 123 151 155 118 123 182 184 85 87 275 275
225 239 123 123 151 153 123 123 184 184 85 85 275 278
217 225 123 131 0 0 118 123 184 184 85 87 275 278
217 227 123 135 151 155 118 128 182 184 85 85 275 278
217 227 131 135 151 153 118 123 184 184 85 87 275 275
217 227 0 0 151 153 0 0 182 184 0 0 275 278
217 225 131 135 151 153 123 128 184 184 85 87 275 275
217 227 123 131 153 155 118 128 184 184 85 85 275 278
217 225 123 131 153 155 118 128 184 184 85 87 278 278
217 227 123 123 151 155 123 123 184 184 85 87 275 278
0 0 131 135 0 0 118 123 184 184 0 0 0 0
217 227 123 131 153 155 118 123 184 184 85 85 275 278
227 239 0 0 151 155 118 128 182 184 85 87 278 278
217 227 0 0 151 155 123 123 182 184 85 87 275 278
227 239 123 123 151 153 123 128 182 184 85 85 275 278
217 227 131 135 151 155 123 128 182 184 85 87 275 278
227 239 123 135 153 155 118 128 184 184 85 87 275 278
0 0 0 0 0 0 123 123 184 184 85 85 275 278
217 225 0 0 0 0 118 128 184 184 85 85 278 278
217 227 131 135 155 155 118 128 184 184 85 87 275 278
217 225 123 135 151 155 118 128 182 184 85 87 275 278
225 239 131 135 151 153 118 128 184 184 85 87 275 275
217 227 123 131 155 155 123 123 184 184 85 87 278 278
227 239 123 123 153 155 118 123 182 184 85 87 275 275
225 239 123 131 153 155 118 128 184 184 85 85 275 275
217 227 123 131 155 155 118 128 184 184 85 87 278 278
227 239 123 131 0 0 123 123 184 184 85 87 0 0
227 239 131 135 0 0 123 128 184 184 85 87 275 278
225 239 131 135 153 155 123 123 184 184 85 85 278 278
227 239 123 131 153 155 123 123 184 184 85 85 278 278
225 239 123 131 151 155 123 123 184 184 85 87 275 278
227 239 123 135 153 155 118 128 182 184 85 85 278 278
225 239 0 0 151 155 118 128 182 184 85 85 275 278
227 239 0 0 155 155 118 123 182 184 85 85 275 275
